-1.99500000e+01
-1.98500000e+01
-1.97500000e+01
-1.96500000e+01
-1.95500000e+01
-1.94500000e+01
-1.93500000e+01
-1.92500000e+01
-1.91500000e+01
-1.90500000e+01
-1.89500000e+01
-1.88500000e+01
-1.87500000e+01
-1.86500000e+01
-1.85500000e+01
-1.84500000e+01
-1.83500000e+01
-1.82500000e+01
-1.81500000e+01
-1.80500000e+01
-1.79500000e+01
-1.78500000e+01
-1.77500000e+01
-1.76500000e+01
-1.75500000e+01
-1.74500000e+01
-1.73500000e+01
-1.72500000e+01
-1.71500000e+01
-1.70500000e+01
-1.69500000e+01
-1.68500000e+01
-1.67500000e+01
-1.66500000e+01
-1.65500000e+01
-1.64500000e+01
-1.63500000e+01
-1.62500000e+01
-1.61500000e+01
-1.60500000e+01
-1.59500000e+01
-1.58500000e+01
-1.57500000e+01
-1.56500000e+01
-1.55500000e+01
-1.54500000e+01
-1.53500000e+01
-1.52500000e+01
-1.51500000e+01
-1.50500000e+01
-1.49500000e+01
-1.48500000e+01
-1.47500000e+01
-1.46500000e+01
-1.45500000e+01
-1.44500000e+01
-1.43500000e+01
-1.42500000e+01
-1.41500000e+01
-1.40500000e+01
-1.39500000e+01
-1.38500000e+01
-1.37500000e+01
-1.36500000e+01
-1.35500000e+01
-1.34500000e+01
-1.33500000e+01
-1.32500000e+01
-1.31500000e+01
-1.30500000e+01
-1.29500000e+01
-1.28500000e+01
-1.27500000e+01
-1.26500000e+01
-1.25500000e+01
-1.24500000e+01
-1.23500000e+01
-1.22500000e+01
-1.21500000e+01
-1.20500000e+01
-1.19500000e+01
-1.18500000e+01
-1.17500000e+01
-1.16500000e+01
-1.15500000e+01
-1.14500000e+01
-1.13500000e+01
-1.12500000e+01
-1.11500000e+01
-1.10500000e+01
-1.09500000e+01
-1.08500000e+01
-1.07500000e+01
-1.06500000e+01
-1.05500000e+01
-1.04500000e+01
-1.03500000e+01
-1.02500000e+01
-1.01500000e+01
-1.00500000e+01
-9.95000000e+00
-9.85000000e+00
-9.75000000e+00
-9.65000000e+00
-9.55000000e+00
-9.45000000e+00
-9.35000000e+00
-9.25000000e+00
-9.15000000e+00
-9.05000000e+00
-8.95000000e+00
-8.85000000e+00
-8.75000000e+00
-8.65000000e+00
-8.55000000e+00
-8.45000000e+00
-8.35000000e+00
-8.25000000e+00
-8.15000000e+00
-8.05000000e+00
-7.95000000e+00
-7.85000000e+00
-7.75000000e+00
-7.65000000e+00
-7.55000000e+00
-7.45000000e+00
-7.35000000e+00
-7.25000000e+00
-7.15000000e+00
-7.05000000e+00
-6.95000000e+00
-6.85000000e+00
-6.75000000e+00
-6.65000000e+00
-6.55000000e+00
-6.45000000e+00
-6.35000000e+00
-6.25000000e+00
-6.15000000e+00
-6.05000000e+00
-5.95000000e+00
-5.85000000e+00
-5.75000000e+00
-5.65000000e+00
-5.55000000e+00
-5.45000000e+00
-5.35000000e+00
-5.25000000e+00
-5.15000000e+00
-5.05000000e+00
-4.95000000e+00
-4.85000000e+00
-4.75000000e+00
-4.65000000e+00
-4.55000000e+00
-4.45000000e+00
-4.35000000e+00
-4.25000000e+00
-4.15000000e+00
-4.05000000e+00
-3.95000000e+00
-3.85000000e+00
-3.75000000e+00
-3.65000000e+00
-3.55000000e+00
-3.45000000e+00
-3.35000000e+00
-3.25000000e+00
-3.15000000e+00
-3.05000000e+00
-2.95000000e+00
-2.85000000e+00
-2.75000000e+00
-2.65000000e+00
-2.55000000e+00
-2.45000000e+00
-2.35000000e+00
-2.25000000e+00
-2.15000000e+00
-2.05000000e+00
-1.95000000e+00
-1.85000000e+00
-1.75000000e+00
-1.65000000e+00
-1.55000000e+00
-1.45000000e+00
-1.35000000e+00
-1.25000000e+00
-1.15000000e+00
-1.05000000e+00
-9.50000000e-01
-8.50000000e-01
-7.50000000e-01
-6.50000000e-01
-5.50000000e-01
-4.50000000e-01
-3.50000000e-01
-2.50000000e-01
-1.50000000e-01
-5.00000000e-02
5.00000000e-02
1.50000000e-01
2.50000000e-01
3.50000000e-01
4.50000000e-01
5.50000000e-01
6.50000000e-01
7.50000000e-01
8.50000000e-01
9.50000000e-01
1.05000000e+00
1.15000000e+00
1.25000000e+00
1.35000000e+00
1.45000000e+00
1.55000000e+00
1.65000000e+00
1.75000000e+00
1.85000000e+00
1.95000000e+00
2.05000000e+00
2.15000000e+00
2.25000000e+00
2.35000000e+00
2.45000000e+00
2.55000000e+00
2.65000000e+00
2.75000000e+00
2.85000000e+00
2.95000000e+00
3.05000000e+00
3.15000000e+00
3.25000000e+00
3.35000000e+00
3.45000000e+00
3.55000000e+00
3.65000000e+00
3.75000000e+00
3.85000000e+00
3.95000000e+00
4.05000000e+00
4.15000000e+00
4.25000000e+00
4.35000000e+00
4.45000000e+00
4.55000000e+00
4.65000000e+00
4.75000000e+00
4.85000000e+00
4.95000000e+00
5.05000000e+00
5.15000000e+00
5.25000000e+00
5.35000000e+00
5.45000000e+00
5.55000000e+00
5.65000000e+00
5.75000000e+00
5.85000000e+00
5.95000000e+00
6.05000000e+00
6.15000000e+00
6.25000000e+00
6.35000000e+00
6.45000000e+00
6.55000000e+00
6.65000000e+00
6.75000000e+00
6.85000000e+00
6.95000000e+00
7.05000000e+00
7.15000000e+00
7.25000000e+00
7.35000000e+00
7.45000000e+00
7.55000000e+00
7.65000000e+00
7.75000000e+00
7.85000000e+00
7.95000000e+00
8.05000000e+00
8.15000000e+00
8.25000000e+00
8.35000000e+00
8.45000000e+00
8.55000000e+00
8.65000000e+00
8.75000000e+00
8.85000000e+00
8.95000000e+00
9.05000000e+00
9.15000000e+00
9.25000000e+00
9.35000000e+00
9.45000000e+00
9.55000000e+00
9.65000000e+00
9.75000000e+00
9.85000000e+00
9.95000000e+00
